1249876420723
1249876426450
0.076446
1249930323707
1249930329320
0.135596
1249967077527
1249967083948
0.170322
1249988329485
1249988335230
0.190121
1249997579495
1249997585897
0.198810
1250011595883
1250011604083
0.213753
1250017256396
1250017263067
0.218607
1250020264839
1250020270840
0.221747
1250025303055
1250025309391
0.237735
1250042497580
1250042504045
0.246258
1250045433256
1250045439368
0.250609
1250050456682
1250050462821
0.255722
1250043569928
1250043575121
0.255730
1250071232762
1250071238475
0.273246
1250076649161
1250076655183
0.276513
1250066763213
1250066768832
0.277910