1249540418764
1249540425207
0.091440
1249611779580
1249611786961
0.174407
1249667141753
1249667147392
0.210937
1249668738353
1249668746512
0.210913
1249691937198
1249691946005
0.227999
1249704678443
1249704684435
0.256653
1249720888344
1249720896327
0.264031
1249720771535
1249720778363
0.272441
1249740539267
1249740545038
0.274278
1249737274792
1249737282247
0.274255
1249736878396
1249736884730
0.280342
1249753584047
1249753591670
0.287255
1249756459820
1249756466514
0.297931
1249760275164
1249760283557
0.298003
1249774255358
1249774261128
0.312164