1250190710746
1250190717544
0.094619
1250252040652
1250252048192
0.161520
1250284488240
1250284495040
0.186453
1250297967648
1250297973876
0.198950
1250299592720
1250299602509
0.205511
1250310702979
1250310709944
0.212202
1250315193111
1250315201205
0.242385
1250332140234
1250332146470
0.242388
1250343501266
1250343518629
0.251201
1250349734225
1250349740713
0.252665
1250366766969
1250366774426
0.265722
1250371392518
1250371414748
0.272628
1250371247608
1250371253362
0.274336
1250389542543
1250389548988
0.291227
1250402790586
1250402796267
0.303932
1250408325745
1250408331338
0.310985
1250419722047
1250419731597
0.320283
