1250328996171498
1250328996181160
0.101643
1250329115913597
1250329115920444
0.092840
1250329217640555
1250329217651032
0.082695
1250329323525056
1250329323531458
0.078973
1250329405594924
1250329405600552
0.067496
1250329526289254
1250329526301962
0.089535
1250329656634074
1250329656643144
0.104359
1250329774346948
1250329774354565
0.089627
1250329857728145
1250329857735459
0.071662
1250329946324664
1250329946330294
0.066341
1250330026550501
1250330026556562
0.068590
1250330115633588
1250330115639983
0.075499
1250330228800795
1250330228807461
0.084211
1250330361218248
1250330361225412
0.078410
1250330429424199
1250330429430042
0.051772
1250330517022265
1250330517028487
0.066491
1250330612322860
1250330612329202
0.075863
1250330711788348
1250330711794351
0.078199
1250330831307083
1250330831315220
0.095462
1250330927438428
1250330927445622
0.081414
1250331024766138
1250331024771769
0.072799
1250331121496843
1250331121504405
0.078950
1250331203928497
1250331203935784
0.088181
1250331334309940
1250331334316885
0.090197
1250331473361066
1250331473378846
0.119734
1250331585890273
1250331585897042
0.080953
1250331688720170
1250331688726940
0.082201
1250331773349001
1250331773356123
0.071683
1250331874169167
1250331874176589
0.079226
1250331994872071
1250331994879596
0.090728
1250332097643626
1250332097650437
0.091286
1250332189427913
1250332189433715
0.072112
1250332296093226
1250332296098994
0.086668
1250332404236344
1250332404242393
0.070956
1250332495533224
1250332495539442
0.075613
1250332604246317
1250332604256596
0.077626
1250332683062618
1250332683068001
0.057743
1250332769148202
1250332769154302
0.067739
1250332896444696
1250332896462364
0.109925
1250333010118109
1250333010124334
0.084353
1250333106712923
1250333106718762
0.070469
1250333206138481
1250333206145356
0.078637
1250333337058040
1250333337065490
0.107277
1250333461737082
1250333461742663
0.097640
1250333575740464
1250333575747476
0.091935
1250333665127888
1250333665134374
0.068489
1250333781547061
1250333781557859
0.096260
1250333883791560
1250333883797695
0.072735
1250333987196552
1250333987203888
0.091277
1250334088276586
1250334088346159
0.071540
1250334203971907
1250334203978806
0.087042
1250334310860454
1250334310867067
0.074903
1250334420132603
1250334420139844
0.089032
1250334517844060
1250334517851192
0.082997
1250334611537135
1250334611543852
0.065980
1250334702522698
1250334702528292
0.064850
1250334794266805
1250334794273182
0.077695
1250334881126641
1250334881132605
0.069566
1250334979254896
1250334979261106
0.076659
1250335087048954
1250335087055243
0.081180
1250335185621329
1250335185626963
0.072289
1250335283856257
1250335283862770
0.076906
1250335380432139
1250335380438745
0.080702
1250335480686608
1250335480692632
0.075756
1250335577239291
1250335577249467
0.068834
1250335668638112
1250335668643982
0.078277
1250335770032689
1250335770039690
0.086513
1250335857499501
1250335857505337
0.064563
1250335954978658
1250335954984698
0.077232
1250336068428047
1250336068435303
0.097071
1250336191993741
1250336191999797
0.092462
1250336296025704
1250336296032103
0.079467
1250336409040262
1250336409046575
0.078124
1250336510889493
1250336510895515
0.086703
1250336604230005
1250336604235934
0.072314
1250336689204502
1250336689210810
0.064688
1250336789219546
1250336789225159
0.073444
1250336879237181
1250336879242953
0.074690
1250336982614008
1250336982620367
0.079152
1250337092706088
1250337092872910
0.083901
1250337188348351
1250337188354262
0.091667
1250337307991571
1250337307997675
0.079027
1250337413399279
1250337413405491
0.091219
1250337525245859
1250337525251517
0.086190
1250337622957466
1250337622964235
0.079669
1250337717993065
1250337717999593
0.075541
1250337817954555
1250337817960641
0.075007
1250337935631483
1250337935638804
0.100573
1250338044095648
1250338044102007
0.082705
1250338136516434
1250338136522301
0.067893
1250338218490869
1250338218496933
0.070903
1250338333724974
1250338333731837
0.092872
1250338447406001
1250338447415233
0.105010
1250338578295891
1250338578302738
0.088116
1250338702427318
1250338702437318
0.107273
1250338815960068
1250338815970107
0.082614
1250338916393325
1250338916399846
0.079062
1250339050523130
1250339050530391
0.103421
1250339158091105
1250339158097759
0.092568
1250339289007280
1250339289017980
0.110601