1250853175667
1250853181400
0.083872
1250929394661
1250929400263
0.164155
1250967654490
1250967660833
0.190242
1250967401327
1250967408010
0.190684
1250993326812
1250993333422
0.214949
1250995038281
1250995044785
0.221568
1250999696658
1250999706122
0.224901
1251024477697
1251024483848
0.263687
1251031522129
1251031528806
0.263697
1251034046073
1251034052127
0.271587
1251048268212
1251048273960
0.275648
1251046322976
1251046330418
0.276052
1251048407498
1251048413626
0.275942
1251045921439
1251045930870
0.283472
1251072772473
1251072778726
0.309256
1251075879452
1251075885460
0.309265
1251067471786
1251067478790
0.309277
1251089704458
1251089711546
0.310599
1251098643933
1251098649534
0.322991