1249254990325
1249254996297
0.092018
1249321507701
1249321513481
0.163049
1249360705424
1249360711623
0.200476
1249369588216
1249369595192
0.205907
1249380226261
1249380232771
0.224115
1249382016048
1249382023219
0.223923
1249378152032
1249378158644
0.228589
1249395605298
1249395611487
0.241085
1249404038300
1249404045469
0.241065
1249419941747
1249419947782
0.254886
1249408729364
1249408735844
0.259542
1249411983603
1249411990418
0.259333
1249427109733
1249427116311
0.261703
1249440774054
1249440780094
0.281566