1251218314235
1251218325219
0.093467
1251287399918
1251287407806
0.161744
1251321552912
1251321559194
0.197512
1251321438066
1251321444225
0.197442
1251334380402
1251334386703
0.210699
1251342724775
1251342731591
0.214617
1251344204496
1251344213109
0.233022
1251371998145
1251372004340
0.242515
1251377952318
1251377958319
0.254323
1251371937687
1251371944178
0.254189
1251385117859
1251385124481
0.255399
1251398607215
1251398613288
0.269250
1251404323405
1251404329957
0.278302
1251415038187
1251415043970
0.292451
1251422986035
1251422991944
0.294734
1251439648028
1251439653660
0.315280
1251439447138
1251439461475
0.317925
1251457107056
1251457112587
0.330133
1251458589564
1251458595206
0.331149
1251459990047
1251459995433
0.332510