1250521116883
1250521122989
0.086886
1250594051683
1250594057661
0.163649
1250629154458
1250629161066
0.184676
1250634667095
1250634673066
0.187887
1250656959561
1250656965994
0.210950
1250663570820
1250663577295
0.218484
1250677371157
1250677377617
0.233041
1250686311582
1250686317399
0.238948
1250692816302
1250692823880
0.252252
1250697312457
1250697319047
0.252270
1250701044569
1250701053549
0.260201
1250712252927
1250712259873
0.282717
1250724880000
1250724901106
0.282729
1250723067856
1250723073774
0.282735
1250735722134
1250735728323
0.295158
1250749236636
1250749243504
0.302617
1250723734937
1250723742736
0.303344
1250760610001
1250760616807
0.315042
